Feel free to place comments here.


!!!!!!!!!!!!!!!!!!!!!!!!!!!!!!!!!!!!!!!!!!!!!!!!!!!!!!!!!!!!!!!!!!!!!!!!!
!!! Warning:  This is a KLT data file.  Do not modify below this line !!!

------------------------------
KLT Feature List
------------------------------

nFeatures = 300

feature | (x,y)=val
--------+-----------------
      0 | ( 33,209)=    0 
      1 | (100,230)=    0 
      2 | ( 67,251)=    0 
      3 | (183, 32)=    0 
      4 | ( 83,218)=    0 
      5 | ( 36,117)=    0 
      6 | ( 53,173)=    0 
      7 | ( 24,141)=    0 
      8 | (193, 43)=    0 
      9 | (164,242)=    0 
     10 | (162,251)=    0 
     11 | (174,240)=    0 
     12 | ( 34,244)=    0 
     13 | ( 62,227)= 8046 
     14 | ( 36,175)=    0 
     15 | ( 62,167)=    0 
     16 | ( 73,220)=    0 
     17 | ( 55,203)=    0 
     18 | ( 77,248)=    0 
     19 | (151,250)=    0 
     20 | ( 35,195)=    0 
     21 | ( 66, 53)=    0 
     22 | ( 31,128)=    0 
     23 | (169,262)=    0 
     24 | ( 99,242)=    0 
     25 | (154,261)=    0 
     26 | ( 91,261)=    0 
     27 | ( 27,175)=    0 
     28 | (147,230)=    0 
     29 | ( 37,159)=    0 
     30 | ( 42,254)=    0 
     31 | ( 87,240)=    0 
     32 | ( 70,179)=    0 
     33 | (129,263)=    0 
     34 | (118,262)=    0 
     35 | ( 50,231)=    0 
     36 | ( 55,213)=    0 
     37 | (134,223)=    0 
     38 | (152,240)=    0 
     39 | ( 46,217)=    0 
     40 | (184,238)=    0 
     41 | ( 39, 41)=    0 
     42 | (158,159)=    0 
     43 | ( 88,251)=    0 
     44 | ( 79,258)=    0 
     45 | (130,239)=    0 
     46 | ( 44, 27)=    0 
     47 | ( 54,252)=    0 
     48 | (197,175)=    0 
     49 | ( 54,132)=    0 
     50 | (173, 25)=    0 
     51 | (114,215)=    0 
     52 | (109,251)=    0 
     53 | (147,175)=    0 
     54 | (184,263)=    0 
     55 | ( 85, 57)=    0 
     56 | (116,191)=    0 
     57 | (167,200)=    0 
     58 | (184,173)=    0 
     59 | ( 78,238)=    0 
     60 | ( 39, 82)=    0 
     61 | ( 61,241)=    0 
     62 | (173,252)=    0 
     63 | (183, 42)=    0 
     64 | ( 38,234)=    0 
     65 | ( 51, 78)=    0 
     66 | ( 64,202)=    0 
     67 | (167,160)=    0 
     68 | ( 45,200)=    0 
     69 | (113,234)= 6492 
     70 | ( 36,219)=    0 
     71 | (173,181)= 6046 
     72 | ( 96,209)=    0 
     73 | (141,258)=    0 
     74 | ( 34, 31)=    0 
     75 | ( 96,187)=    0 
     76 | ( 81,183)=    0 
     77 | (140,240)=    0 
     78 | ( 24,229)=    0 
     79 | ( 98,251)=    0 
     80 | (194,205)=    0 
     81 | (204, 44)=    0 
     82 | ( 24,152)=    0 
     83 | (137,174)=    0 
     84 | (161,228)=    0 
     85 | ( 60, 24)=    0 
     86 | ( 29, 41)=    0 
     87 | (137,195)=    0 
     88 | (113,224)= 5109 
     89 | ( 99,263)=    0 
     90 | ( 53,144)=    0 
     91 | ( 64,136)=    0 
     92 | ( 93,218)=    0 
     93 | (157,198)=    0 
     94 | ( 64,126)=    0 
     95 | ( 60,191)=    0 
     96 | (120,245)=    0 
     97 | ( 81,203)=    0 
     98 | ( 43,106)=    0 
     99 | (194, 53)=    0 
    100 | ( 24,118)=    0 
    101 | ( 76, 47)=    0 
    102 | (129,248)= 4474 
    103 | ( 63, 82)=    0 
    104 | ( 30, 51)=    0 
    105 | ( 50,155)=    0 
    106 | (326, 75)=    0 
    107 | (208,174)=    0 
    108 | (157,178)=    0 
    109 | (124,225)=    0 
    110 | ( 33,185)=    0 
    111 | (157, 53)=    0 
    112 | (198,184)=    0 
    113 | ( 66,261)= 1677 
    114 | ( 74,115)=    0 
    115 | ( 29,107)=    0 
    116 | (190,225)=    0 
    117 | ( 48,240)=    0 
    118 | ( 64,148)=    0 
    119 | (105, 70)=    0 
    120 | ( 61,106)=    0 
    121 | (182,249)=    0 
    122 | ( 24,199)=    0 
    123 | ( 43, 93)=    0 
    124 | (204,244)=    0 
    125 | (147, 41)= 1287 
    126 | ( 26,220)=    0 
    127 | ( 95, 75)=    0 
    128 | (177,121)=    0 
    129 | ( 32,254)=  618 
    130 | ( 41, 72)=    0 
    131 | (131, 60)=    0 
    132 | (104,220)=    0 
    133 | (137,211)=    0 
    134 | (203, 64)=  320 
    135 | (347,184)=    0 
    136 | (177,193)=    0 
    137 | (285,121)=    0 
    138 | (184,156)=    0 
    139 | ( 71,104)=    0 
    140 | (106,189)=    0 
    141 | ( 92,144)=    0 
    142 | (321,122)=    0 
    143 | ( 49, 37)=    0 
    144 | ( 59, 93)=    0 
    145 | (170,229)=    0 
    146 | (126,152)=    0 
    147 | (299, 32)=    0 
    148 | (155, 69)=  319 
    149 | (256, 62)=    0 
    150 | (282,205)=    0 
    151 | (131,139)=    0 
    152 | (221, 74)=    0 
    153 | (336,237)=    0 
    154 | (226,233)=    0 
    155 | ( 75, 77)=    0 
    156 | ( 55,262)=    0 
    157 | (212,215)=    0 
    158 | (203,183)=    0 
    159 | (277,181)=    0 
    160 | (182,108)=    0 
    161 | ( 79,168)=    0 
    162 | ( 51, 66)=    0 
    163 | (295, 72)=    0 
    164 | (165, 98)=    0 
    165 | ( 80,190)=    0 
    166 | ( 34,142)=    0 
    167 | (135,149)=  316 
    168 | (116,145)=    0 
    169 | (250, 79)=    0 
    170 | (237, 99)=    0 
    171 | (330,123)=    0 
    172 | ( 25, 61)=    0 
    173 | (289,193)=    0 
    174 | (206, 54)=    0 
    175 | (310,188)=    0 
    176 | (200,224)=    0 
    177 | ( 63, 64)=    0 
    178 | (313,210)=    0 
    179 | (111,154)=    0 
    180 | (217,188)=    0 
    181 | (335,186)=    0 
    182 | (169, 70)=    0 
    183 | (194,241)=    0 
    184 | ( 52,121)=    0 
    185 | ( 51,184)=    0 
    186 | ( 74,125)=    0 
    187 | ( 74,143)=    0 
    188 | (119,115)=    0 
    189 | (300,187)=    0 
    190 | (208, 33)=    0 
    191 | (122, 61)=    0 
    192 | (159,188)=    0 
    193 | (276,262)=    0 
    194 | (126,188)=    0 
    195 | (223,158)=    0 
    196 | (312,156)=    0 
    197 | ( 94,170)=    0 
    198 | (251,169)=    0 
    199 | (227,260)=    0 
    200 | (222,143)=    0 
    201 | (333,209)=    0 
    202 | (264,243)=    0 
    203 | (272,206)=    0 
    204 | (305,243)=    0 
    205 | (152, 31)=    0 
    206 | ( 33, 97)=    0 
    207 | (323,183)=    0 
    208 | (193,253)=    0 
    209 | (323,211)=    0 
    210 | (182,157)=    0 
    211 | (162, 30)=  272 
    212 | (258,130)=    0 
    213 | (249,116)=    0 
    214 | ( 76,158)=    0 
    215 | (227,107)=    0 
    216 | (313,220)=    0 
    217 | (341,120)=    0 
    218 | (296,129)=    0 
    219 | (211,120)=    0 
    220 | (117, 50)=    0 
    221 | (199,160)=    0 
    222 | (126,164)=    0 
    223 | (312,112)=    0 
    224 | (181, 68)=    0 
    225 | (150, 87)=    0 
    226 | (252, 99)=    0 
    227 | (269,165)=    0 
    228 | (117,130)=  242 
    229 | (259,208)=    0 
    230 | (266,179)=    0 
    231 | (338,218)=  230 
    232 | (240,148)=    0 
    233 | (283,111)=    0 
    234 | (334,141)=    0 
    235 | ( 24,239)=    0 
    236 | ( 73, 87)=    0 
    237 | (241,195)=    0 
    238 | (241,171)=    0 
    239 | (254,194)=    0 
    240 | (226,213)=    0 
    241 | ( 81,104)=    0 
    242 | (301,176)=    0 
    243 | (113,204)=    0 
    244 | (106,166)=    0 
    245 | (223,243)=    0 
    246 | (137,164)=    0 
    247 | ( 99,116)=    0 
    248 | (286,183)=    0 
    249 | (334,247)=    0 
    250 | ( 69,189)=    0 
    251 | (297,257)=    0 
    252 | (167,139)=  230 
    253 | (248,206)=    0 
    254 | (137,183)=    0 
    255 | (325,141)=    0 
    256 | (217,261)=    0 
    257 | (232,143)=    0 
    258 | (270,226)=    0 
    259 | ( 29, 85)=    0 
    260 | (189,190)=    0 
    261 | (229, 64)=    0 
    262 | (144,112)=    0 
    263 | (180, 78)=    0 
    264 | (208, 76)=    0 
    265 | (148,148)=  228 
    266 | ( 58,157)=    0 
    267 | (338, 80)=    0 
    268 | (115, 26)=    0 
    269 | (147,189)=    0 
    270 | (284,242)=    0 
    271 | (225, 91)=    0 
    272 | (204,260)=    0 
    273 | (307,262)=    0 
    274 | (267,120)=    0 
    275 | (303, 62)=    0 
    276 | (187,136)=    0 
    277 | ( 73, 62)=    0 
    278 | (184, 58)=    0 
    279 | (236,115)=    0 
    280 | (282,216)=    0 
    281 | (179, 91)=    0 
    282 | (242,132)=    0 
    283 | (302,167)=    0 
    284 | (302,213)=    0 
    285 | (113,177)=    0 
    286 | (127,126)=    0 
    287 | ( 83, 67)=    0 
    288 | (266,104)=    0 
    289 | (236,213)=    0 
    290 | (165,217)=  216 
    291 | (177,134)=  214 
    292 | ( 40,131)=    0 
    293 | (333,111)=    0 
    294 | (302,144)=    0 
    295 | (240,159)=    0 
    296 | (153, 96)=    0 
    297 | (299,224)=    0 
    298 | (268, 42)=    0 
    299 | (278,138)=    0 
