  52  52  68 115
  53  53  68 115
  53  53  68 115
  53  53  68 115
  53  53  68 115
  53  53  68 115
  53  53  68 115
  52  53  68 115
  52  53  68 115
  51  53  68 115
  51  53  68 115
  50  53  68 115
  49  54  68 115
  49  54  68 115
  48  55  68 115
  47  55  68 115
  46  56  68 115
  45  58  69 115
  44  59  69 115
  44  61  69 115
  43  62  70 115
  42  64  70 115
  42  66  70 115
  41  68  71 115
  41  70  71 115
  41  71  71 115
  41  72  71 115
  41  73  71 115
  40  74  71 115
  41  75  71 115
  41  76  71 115
  41  76  71 115
  41  77  70 115
  41  77  70 115
  41  77  70 115
  41  77  70 115
  41  77  70 115
  41  77  70 115
  40  77  70 115
  40  77  70 115
  40  76  70 115
  40  76  70 115
  40  76  70 115
  40  75  70 115
  40  75  70 115
  40  74  70 115
  40  73  70 115
  40  72  69 115
  40  70  69 115
  41  68  69 115
  41  66  69 115
  41  64  69 115
  42  62  68 115
  43  60  68 115
  44  58  68 115
  44  56  67 115
  45  55  67 115
  46  54  67 115
  47  54  67 115
  48  53  67 115
  49  53  67 115
  50  52  67 115
  51  52  68 115
  51  52  67 115
  51  52  67 115
  51  52  67 115
  51  52  68 115
  51  52  68 115
  51  52  68 115
  51  53  67 115
  51  53  68 115
  51  53  67 115
  51  53  67 115
  51  53  67 115
  51  53  67 115
  51  53  68 115
  51  53  67 115
  51  53  67 115
  51  53  67 115
  51  53  68 115
  51  53  67 115
  51  53  67 115
  51  53  67 115
  51  53  67 115
