   9  48  28 117
  11  47  30 117
  13  45  32 114
  16  45  34 114
  19  44  36 116
  21  44  39 117
  23  45  42 117
  26  46  44 117
  28  48  46 117
  30  51  47 117
  33  52  48 117
  34  50  51 117
  36  48  54 117
  38  46  56 115
  41  45  58 113
  43  45  60 114
  45  45  62 117
  48  45  65 117
  50  46  69 117
  52  48  70 117
  54  50  73 117
  57  52  75 117
  60  50  76 117
  61  49  79 117
  64  47  80 116
  66  46  83 114
  68  46  85 115
  70  46  87 116
  72  46  90 117
  74  47  94 117
  76  49  97 117
  78  51  99 117
  81  53 100 117
  84  53 101 117
  86  51 103 117
  88  49 105 117
  91  48 108 115
  92  47 110 115
  95  47 111 115
  96  47 114 117
  98  48 118 117
 100  49 121 117
 102  51 122 117
 104  53 124 117
 107  54 125 117
 110  52 126 117
 111  51 129 117
 114  49 132 117
 116  48 134 114
 118  47 135 114
 120  47 137 115
 122  47 140 117
 124  48 145 117
 125  50 147 117
 127  52 148 117
 129  54 149 117
 132  54 150 117
 135  52 152 117
 137  50 155 117
 139  49 157 117
 141  48 159 115
 143  48 160 114
 145  48 162 117
 147  48 166 117
 148  49 169 117
 150  51 170 117
 153  53 172 117
